24 36
0 3  0 10  0 14  1 6  1 20  1 22  2 19  2 21  2 23  3 13  3 15  4 5  4 10
4 23  5 16  5 22  6 7  6 8  7 15  7 19  8 9  8 12  9 11  9 21  10 11  11 18
12 13  12 14  13 16  14 17  15 17  16 17  18 19  18 20  20 21  22 23
24 36
0 3  0 10  0 14  1 5  1 20  1 22  2 4  2 19  2 21  3 13  3 15  4 5  4 10
5 16  6 7  6 8  6 22  7 15  7 23  8 9  8 12  9 11  9 21  10 11  11 18
12 13  12 14  13 16  14 17  15 17  16 17  18 19  18 20  19 23  20 21  22 23
26 39
0 1  0 2  0 3  1 4  1 5  2 6  2 7  3 8  3 9  4 10  4 11  5 12  5 13  6 10
6 12  7 11  7 13  8 10  8 14  9 11  9 15  12 16  13 17  14 18  14 19  15 20
15 21  16 22  16 23  17 24  17 25  18 22  18 24  19 23  19 25  20 22  20 25
21 23  21 24
2 0
3 0
1 0
3 3
1 2 2 3 3 1
